[0.   0.87 0.8  0.83 0.   1.69 0.   1.29 0.17 1.   0.74 0.12],[0.87 0.   0.71 0.74 0.33 0.62 0.35 0.26 0.15 0.3  1.67 0.11],[0.8  0.71 0.   0.69 1.   0.88 1.   0.3  0.49 0.   0.62 0.21],[0.83 0.74 0.69 0.   0.   0.85 0.   0.36 1.15 0.   0.9  0.16],[0.   0.33 1.   0.   0.   0.   1.67 0.   0.   0.83 0.   0.  ],[1.69 0.62 0.88 0.85 0.   0.   0.   1.32 0.44 1.   0.78 0.23],[0.   0.35 1.   0.   1.67 0.   0.   0.   0.   0.73 0.   0.  ],[1.29 0.26 0.3  0.21 0.   1.18 0.   0.   0.86 1.   0.24 0.61],[0.17 0.15 0.49 1.15 0.   0.44 0.   0.86 0.   0.   0.14 0.48],[1.   0.3  0.   0.   0.83 1.   0.73 1.   0.   0.   0.   0.  ],[0.74 1.67 0.62 0.9  0.   0.78 0.   0.33 0.14 0.   0.   0.15],[0.18 0.16 0.21 0.16 0.   0.23 0.   0.61 0.48 0.   0.24 0.  ]
